
range1 Phase Frames:
Pull regions: [(190, 199), (242, 253), (296, 306), (351, 364), (408, 425), (464, 482), (525, 538), (582, 599)]
Push regions: [(199, 217), (253, 273), (306, 330), (364, 387), (425, 445), (482, 516), (538, 561), (599, 630)]
Recovery regions: [(217, 242), (273, 296), (330, 351), (387, 408), (445, 464), (516, 525), (561, 582)]

range2 Phase Frames:
Pull regions: [(920, 934), (1094, 1113), (1274, 1282)]
Push regions: [(780, 791), (799, 812), (820, 838), (862, 877), (880, 897), (934, 954), (977, 990), (1004, 1014), (1040, 1046), (1054, 1067), (1113, 1130), (1155, 1165), (1167, 1192), (1216, 1231), (1236, 1251)]
Recovery regions: [(791, 799), (812, 820), (838, 862), (877, 880), (897, 920), (954, 977), (990, 1004), (1014, 1040), (1046, 1054), (1067, 1094), (1130, 1155), (1165, 1167), (1192, 1216), (1231, 1236), (1251, 1274)]
