
range1 Phase Frames:
Pull regions: [(103, 135), (171, 184), (223, 234), (278, 286), (325, 338), (456, 484)]
Push regions: [(135, 141), (148, 162), (184, 189), (202, 212), (234, 240), (247, 260), (286, 291), (303, 312), (338, 342), (351, 370), (378, 396), (399, 419), (431, 452)]
Recovery regions: [(141, 148), (162, 171), (189, 202), (212, 223), (240, 247), (260, 278), (291, 303), (312, 325), (342, 351), (370, 378), (396, 399), (419, 431), (452, 456)]

range2 Phase Frames:
Pull regions: [(623, 637), (658, 663), (671, 685), (704, 737), (746, 757), (770, 780), (863, 882), (913, 929), (964, 978), (1005, 1015)]
Push regions: [(589, 596), (637, 646), (663, 667), (685, 694), (737, 740), (757, 762), (780, 788), (808, 837), (849, 859), (882, 887), (929, 937), (949, 957), (978, 986)]
Recovery regions: [(596, 623), (646, 658), (667, 671), (694, 704), (740, 746), (762, 770), (788, 808), (837, 849), (859, 863), (887, 913), (937, 949), (957, 964), (986, 1005)]
