
range1 Phase Frames:
Pull regions: [(773, 789), (886, 901), (981, 1002), (1024, 1301), (1332, 1351), (1376, 1401), (1442, 1455)]
Push regions: [(789, 835), (844, 857), (864, 883), (901, 931), (942, 953), (959, 979), (1002, 1015), (1301, 1321), (1351, 1369), (1401, 1417), (1425, 1438)]
Recovery regions: [(835, 844), (857, 864), (883, 886), (931, 942), (953, 959), (979, 981), (1015, 1024), (1321, 1332), (1369, 1376), (1417, 1425), (1438, 1442)]

range2 Phase Frames:
Pull regions: [(1809, 1835), (1861, 1883), (1903, 1934), (1962, 1980), (2007, 2030)]
Push regions: [(1794, 1799), (1835, 1848), (1883, 1896), (1934, 1945), (1980, 1994), (2030, 2042), (2051, 2073)]
Recovery regions: [(1799, 1809), (1848, 1861), (1896, 1903), (1945, 1962), (1994, 2007), (2042, 2051)]
