
range1 Phase Frames:
Pull regions: [(164, 172), (192, 205), (228, 242), (260, 279), (299, 317), (337, 357), (374, 396), (416, 435), (455, 477)]
Push regions: [(172, 177), (205, 216), (242, 251), (279, 288), (317, 333), (357, 372), (396, 407), (435, 453), (477, 536)]
Recovery regions: [(177, 192), (216, 228), (251, 260), (288, 299), (333, 337), (372, 374), (407, 416), (453, 455), (536, 543)]

range2 Phase Frames:
Pull regions: [(684, 688), (710, 727), (749, 768), (786, 811), (831, 852), (873, 896), (913, 939), (961, 987), (1010, 1028), (1049, 1050)]
Push regions: [(688, 696), (727, 736), (768, 777), (778, 781), (811, 823), (852, 871), (896, 901), (939, 953), (987, 996), (1028, 1042)]
Recovery regions: [(696, 710), (736, 749), (777, 778), (781, 786), (823, 831), (871, 873), (901, 913), (953, 961), (996, 1010), (1042, 1049)]
