
range1 Phase Frames:
Pull regions: [(146, 181), (210, 224)]
Push regions: [(181, 192), (224, 235), (241, 282), (301, 309), (327, 333), (352, 365), (378, 379), (390, 398), (400, 410), (430, 476), (488, 525)]
Recovery regions: [(192, 210), (235, 241), (282, 301), (309, 327), (333, 352), (365, 378), (379, 390), (398, 400), (410, 430), (476, 488)]

range2 Phase Frames:
Pull regions: [(711, 728), (763, 777), (813, 824), (914, 926), (961, 975), (1064, 1076)]
Push regions: [(677, 692), (728, 743), (777, 789), (824, 841), (860, 875), (876, 891), (926, 941), (975, 988), (1014, 1024), (1029, 1041), (1076, 1112)]
Recovery regions: [(692, 711), (743, 763), (789, 813), (841, 860), (875, 876), (891, 914), (941, 961), (988, 1014), (1024, 1029), (1041, 1064)]

range1 Phase Frames:
Pull regions: [(146, 181), (210, 224)]
Push regions: [(181, 192), (224, 235), (241, 282), (301, 309), (327, 333), (352, 365), (378, 379), (390, 398), (400, 410), (430, 476), (488, 525)]
Recovery regions: [(192, 210), (235, 241), (282, 301), (309, 327), (333, 352), (365, 378), (379, 390), (398, 400), (410, 430), (476, 488)]

range2 Phase Frames:
Pull regions: [(711, 728), (763, 777), (813, 824), (914, 926), (961, 975), (1064, 1076)]
Push regions: [(677, 692), (728, 743), (777, 789), (824, 841), (860, 875), (876, 891), (926, 941), (975, 988), (1014, 1024), (1029, 1041), (1076, 1112)]
Recovery regions: [(692, 711), (743, 763), (789, 813), (841, 860), (875, 876), (891, 914), (941, 961), (988, 1014), (1024, 1029), (1041, 1064)]

range1 Phase Frames:
Pull regions: [(146, 181), (210, 224)]
Push regions: [(181, 192), (224, 235), (241, 282), (301, 309), (327, 333), (352, 365), (378, 379), (390, 398), (400, 410), (430, 476), (488, 525)]
Recovery regions: [(192, 210), (235, 241), (282, 301), (309, 327), (333, 352), (365, 378), (379, 390), (398, 400), (410, 430), (476, 488)]

range2 Phase Frames:
Pull regions: [(711, 728), (763, 777), (813, 824), (914, 926), (961, 975), (1064, 1076)]
Push regions: [(677, 692), (728, 743), (777, 789), (824, 841), (860, 875), (876, 891), (926, 941), (975, 988), (1014, 1024), (1029, 1041), (1076, 1117)]
Recovery regions: [(692, 711), (743, 763), (789, 813), (841, 860), (875, 876), (891, 914), (941, 961), (988, 1014), (1024, 1029), (1041, 1064)]

range1 Phase Frames:
Pull regions: [(146, 181), (210, 224)]
Push regions: [(181, 192), (224, 235), (241, 282), (301, 309), (327, 333), (352, 365), (378, 379), (390, 398), (400, 410), (430, 476), (488, 525)]
Recovery regions: [(192, 210), (235, 241), (282, 301), (309, 327), (333, 352), (365, 378), (379, 390), (398, 400), (410, 430), (476, 488)]

range2 Phase Frames:
Pull regions: [(711, 728), (763, 777), (813, 824), (914, 926), (961, 975), (1064, 1076)]
Push regions: [(677, 692), (728, 743), (777, 789), (824, 841), (860, 875), (876, 891), (926, 941), (975, 988), (1014, 1024), (1029, 1041), (1076, 1117)]
Recovery regions: [(692, 711), (743, 763), (789, 813), (841, 860), (875, 876), (891, 914), (941, 961), (988, 1014), (1024, 1029), (1041, 1064)]
