
range1 Phase Frames:
Pull regions: [(779, 805), (980, 981), (1005, 1158), (1192, 1211), (1241, 1261)]
Push regions: [(805, 834), (849, 930), (941, 978), (981, 1003), (1158, 1172), (1184, 1191), (1211, 1223), (1261, 1271)]
Recovery regions: [(834, 849), (930, 941), (978, 980), (1003, 1005), (1172, 1184), (1191, 1192), (1223, 1241), (1271, 1273)]

range2 Phase Frames:
Pull regions: [(1867, 1888), (1922, 1940), (2021, 2037), (2065, 2088)]
Push regions: [(1841, 1855), (1888, 1901), (1913, 1920), (1940, 2001), (2037, 2049)]
Recovery regions: [(1855, 1867), (1901, 1913), (1920, 1922), (2001, 2021), (2049, 2065)]
