
range1 Phase Frames:
Pull regions: [(159, 168), (214, 234), (274, 296), (341, 361), (407, 427), (474, 492), (540, 556)]
Push regions: [(168, 190), (234, 255), (296, 319), (322, 330), (361, 385), (427, 451), (492, 515), (556, 587)]
Recovery regions: [(190, 214), (255, 274), (319, 322), (330, 341), (385, 407), (451, 474), (515, 540)]

range2 Phase Frames:
Pull regions: [(770, 786), (818, 857), (1221, 1254)]
Push regions: [(729, 760), (786, 816), (857, 919), (926, 960), (966, 1023)]
Recovery regions: [(760, 770), (816, 818), (919, 926), (960, 966), (1023, 1217), (1217, 1221)]
