
range1 Phase Frames:
Pull regions: [(92, 99), (122, 140), (163, 177), (200, 216), (236, 251), (274, 288), (307, 326), (346, 360), (381, 394), (416, 430), (449, 484)]
Push regions: [(99, 104), (140, 146), (177, 184), (216, 222), (251, 257), (288, 294), (326, 328), (360, 365), (394, 401), (430, 435), (484, 488)]
Recovery regions: [(104, 122), (146, 163), (184, 200), (222, 236), (257, 274), (294, 307), (328, 346), (365, 381), (401, 416), (435, 449)]

range2 Phase Frames:
Pull regions: [(638, 651), (671, 684), (706, 719), (741, 754), (778, 788), (811, 821), (842, 855), (876, 889), (911, 923), (944, 953)]
Push regions: [(613, 621), (651, 658), (684, 691), (719, 725), (754, 760), (788, 794), (821, 827), (855, 862), (889, 897), (923, 932)]
Recovery regions: [(621, 638), (658, 671), (691, 706), (725, 741), (760, 778), (794, 811), (827, 842), (862, 876), (897, 911), (932, 944)]

range1 Phase Frames:
Pull regions: [(92, 99), (122, 140), (163, 177), (200, 216), (236, 251), (274, 288), (307, 326), (346, 360), (381, 394), (416, 430), (449, 484)]
Push regions: [(99, 104), (140, 146), (177, 184), (216, 222), (251, 257), (288, 294), (326, 328), (360, 365), (394, 401), (430, 435), (484, 488)]
Recovery regions: [(104, 122), (146, 163), (184, 200), (222, 236), (257, 274), (294, 307), (328, 346), (365, 381), (401, 416), (435, 449)]

range2 Phase Frames:
Pull regions: [(638, 651), (671, 684), (706, 719), (741, 754), (778, 788), (811, 821), (842, 855), (876, 889), (911, 923), (944, 953)]
Push regions: [(613, 621), (651, 658), (684, 691), (719, 725), (754, 760), (788, 794), (821, 827), (855, 862), (889, 897), (923, 932)]
Recovery regions: [(621, 638), (658, 671), (691, 706), (725, 741), (760, 778), (794, 811), (827, 842), (862, 876), (897, 911), (932, 944)]

range1 Phase Frames:
Pull regions: [(92, 99), (122, 140), (163, 177), (200, 216), (236, 251), (274, 288), (307, 326), (346, 360), (381, 394), (416, 430), (449, 484)]
Push regions: [(99, 104), (140, 146), (177, 184), (216, 222), (251, 257), (288, 294), (326, 328), (360, 365), (394, 401), (430, 435), (484, 488)]
Recovery regions: [(104, 122), (146, 163), (184, 200), (222, 236), (257, 274), (294, 307), (328, 346), (365, 381), (401, 416), (435, 449)]

range2 Phase Frames:
Pull regions: [(638, 651), (671, 684), (706, 719), (741, 754), (778, 788), (811, 821), (842, 855), (876, 889), (911, 923), (944, 953)]
Push regions: [(613, 621), (651, 658), (684, 691), (719, 725), (754, 760), (788, 794), (821, 827), (855, 862), (889, 897), (923, 932)]
Recovery regions: [(621, 638), (658, 671), (691, 706), (725, 741), (760, 778), (794, 811), (827, 842), (862, 876), (897, 911), (932, 944)]

range1 Phase Frames:
Pull regions: [(92, 99), (122, 140), (163, 177), (200, 216), (236, 251), (274, 288), (307, 326), (346, 360), (381, 394), (416, 430), (449, 484)]
Push regions: [(99, 104), (140, 146), (177, 184), (216, 222), (251, 257), (288, 294), (326, 328), (360, 365), (394, 401), (430, 435), (484, 488)]
Recovery regions: [(104, 122), (146, 163), (184, 200), (222, 236), (257, 274), (294, 307), (328, 346), (365, 381), (401, 416), (435, 449)]

range2 Phase Frames:
Pull regions: [(638, 651), (671, 684), (706, 719), (741, 754), (778, 788), (811, 821), (842, 855), (876, 889), (911, 923), (944, 953)]
Push regions: [(613, 621), (651, 658), (684, 691), (719, 725), (754, 760), (788, 794), (821, 827), (855, 862), (889, 897), (923, 932)]
Recovery regions: [(621, 638), (658, 671), (691, 706), (725, 741), (760, 778), (794, 811), (827, 842), (862, 876), (897, 911), (932, 944)]

range1 Phase Frames:
Pull regions: [(92, 99), (122, 140), (163, 177), (200, 216), (236, 251), (274, 288), (307, 326), (346, 360), (381, 394), (416, 430), (449, 484)]
Push regions: [(99, 104), (140, 146), (177, 184), (216, 222), (251, 257), (288, 294), (326, 328), (360, 365), (394, 401), (430, 435), (484, 488)]
Recovery regions: [(104, 122), (146, 163), (184, 200), (222, 236), (257, 274), (294, 307), (328, 346), (365, 381), (401, 416), (435, 449)]

range2 Phase Frames:
Pull regions: [(638, 651), (671, 684), (706, 719), (741, 754), (778, 788), (811, 821), (842, 855), (876, 889), (911, 923), (944, 953)]
Push regions: [(613, 621), (651, 658), (684, 691), (719, 725), (754, 760), (788, 794), (821, 827), (855, 862), (889, 897), (923, 932)]
Recovery regions: [(621, 638), (658, 671), (691, 706), (725, 741), (760, 778), (794, 811), (827, 842), (862, 876), (897, 911), (932, 944)]

range1 Phase Frames:
Pull regions: [(92, 99), (122, 140), (163, 177), (200, 216), (236, 251), (274, 288), (307, 326), (346, 360), (381, 394), (416, 430), (449, 484)]
Push regions: [(99, 104), (140, 146), (177, 184), (216, 222), (251, 257), (288, 294), (326, 328), (360, 365), (394, 401), (430, 435), (484, 488)]
Recovery regions: [(104, 122), (146, 163), (184, 200), (222, 236), (257, 274), (294, 307), (328, 346), (365, 381), (401, 416), (435, 449)]

range2 Phase Frames:
Pull regions: [(638, 651), (671, 684), (706, 719), (741, 754), (778, 788), (811, 821), (842, 855), (876, 889), (911, 923), (944, 953)]
Push regions: [(613, 621), (651, 658), (684, 691), (719, 725), (754, 760), (788, 794), (821, 827), (855, 862), (889, 897), (923, 932)]
Recovery regions: [(621, 638), (658, 671), (691, 706), (725, 741), (760, 778), (794, 811), (827, 842), (862, 876), (897, 911), (932, 944)]

range1 Phase Frames:
Pull regions: [(92, 99), (122, 140), (163, 177), (200, 216), (236, 251), (274, 288), (307, 326), (346, 360), (381, 394), (416, 430), (449, 484)]
Push regions: [(99, 104), (140, 146), (177, 184), (216, 222), (251, 257), (288, 294), (326, 328), (360, 365), (394, 401), (430, 435), (484, 488)]
Recovery regions: [(104, 122), (146, 163), (184, 200), (222, 236), (257, 274), (294, 307), (328, 346), (365, 381), (401, 416), (435, 449)]

range2 Phase Frames:
Pull regions: [(638, 651), (671, 684), (706, 719), (741, 754), (778, 788), (811, 821), (842, 855), (876, 889), (911, 923), (944, 953)]
Push regions: [(613, 621), (651, 658), (684, 691), (719, 725), (754, 760), (788, 794), (821, 827), (855, 862), (889, 897), (923, 932)]
Recovery regions: [(621, 638), (658, 671), (691, 706), (725, 741), (760, 778), (794, 811), (827, 842), (862, 876), (897, 911), (932, 944)]

range1 Phase Frames:
Pull regions: [(92, 99), (122, 140), (163, 177), (200, 216), (236, 251), (274, 288), (307, 326), (346, 360), (381, 394), (416, 430), (449, 484)]
Push regions: [(99, 104), (140, 146), (177, 184), (216, 222), (251, 257), (288, 294), (326, 328), (360, 365), (394, 401), (430, 435), (484, 488)]
Recovery regions: [(104, 122), (146, 163), (184, 200), (222, 236), (257, 274), (294, 307), (328, 346), (365, 381), (401, 416), (435, 449)]

range2 Phase Frames:
Pull regions: [(638, 651), (671, 684), (706, 719), (741, 754), (778, 788), (811, 821), (842, 855), (876, 889), (911, 923), (944, 953)]
Push regions: [(613, 621), (651, 658), (684, 691), (719, 725), (754, 760), (788, 794), (821, 827), (855, 862), (889, 897), (923, 932)]
Recovery regions: [(621, 638), (658, 671), (691, 706), (725, 741), (760, 778), (794, 811), (827, 842), (862, 876), (897, 911), (932, 944)]
