
range1 Phase Frames:
Pull regions: [(178, 192), (208, 242), (261, 293), (312, 350), (369, 404), (422, 458), (470, 514), (534, 572), (591, 618), (664, 667)]
Push regions: [(192, 197), (242, 251), (293, 300), (350, 356), (404, 410), (458, 466), (514, 527), (572, 578), (618, 626), (642, 653), (667, 670)]
Recovery regions: [(197, 208), (251, 261), (300, 312), (356, 369), (410, 422), (466, 470), (527, 534), (578, 591), (626, 642), (653, 664)]

range2 Phase Frames:
Pull regions: [(821, 828), (845, 882), (901, 940), (958, 997), (1017, 1053), (1073, 1111), (1130, 1162), (1180, 1214), (1234, 1265), (1286, 1317), (1337, 1368)]
Push regions: [(828, 833), (882, 892), (940, 948), (997, 1004), (1053, 1060), (1111, 1117), (1162, 1167), (1214, 1219), (1265, 1273), (1317, 1328)]
Recovery regions: [(833, 845), (892, 901), (948, 958), (1004, 1017), (1060, 1073), (1117, 1130), (1167, 1180), (1219, 1234), (1273, 1286), (1328, 1337)]

range1 Phase Frames:
Pull regions: [(178, 192), (208, 242), (261, 293), (312, 350), (369, 404), (422, 458), (470, 514), (534, 572), (591, 618), (664, 667)]
Push regions: [(192, 197), (242, 251), (293, 300), (350, 356), (404, 410), (458, 466), (514, 527), (572, 578), (618, 626), (642, 653), (667, 670)]
Recovery regions: [(197, 208), (251, 261), (300, 312), (356, 369), (410, 422), (466, 470), (527, 534), (578, 591), (626, 642), (653, 664)]

range2 Phase Frames:
Pull regions: [(821, 828), (845, 882), (901, 940), (958, 997), (1017, 1053), (1073, 1111), (1130, 1162), (1180, 1214), (1234, 1265), (1286, 1317), (1337, 1368)]
Push regions: [(828, 833), (882, 892), (940, 948), (997, 1004), (1053, 1060), (1111, 1117), (1162, 1167), (1214, 1219), (1265, 1273), (1317, 1328)]
Recovery regions: [(833, 845), (892, 901), (948, 958), (1004, 1017), (1060, 1073), (1117, 1130), (1167, 1180), (1219, 1234), (1273, 1286), (1328, 1337)]

range1 Phase Frames:
Pull regions: [(178, 192), (208, 242), (261, 293), (312, 350), (369, 404), (422, 458), (470, 514), (534, 572), (591, 618), (664, 667)]
Push regions: [(192, 197), (242, 251), (293, 300), (350, 356), (404, 410), (458, 466), (514, 527), (572, 578), (618, 626), (642, 653), (667, 670)]
Recovery regions: [(197, 208), (251, 261), (300, 312), (356, 369), (410, 422), (466, 470), (527, 534), (578, 591), (626, 642), (653, 664)]

range2 Phase Frames:
Pull regions: [(821, 828), (845, 882), (901, 940), (958, 997), (1017, 1053), (1073, 1111), (1130, 1162), (1180, 1214), (1234, 1265), (1286, 1317), (1337, 1368)]
Push regions: [(828, 833), (882, 892), (940, 948), (997, 1004), (1053, 1060), (1111, 1117), (1162, 1167), (1214, 1219), (1265, 1273), (1317, 1328)]
Recovery regions: [(833, 845), (892, 901), (948, 958), (1004, 1017), (1060, 1073), (1117, 1130), (1167, 1180), (1219, 1234), (1273, 1286), (1328, 1337)]
