
range1 Phase Frames:
Pull regions: [(206, 232), (350, 392), (442, 459), (509, 531), (577, 579), (648, 662), (712, 735), (782, 803)]
Push regions: [(232, 280), (296, 349), (392, 419), (420, 432), (459, 486), (531, 556), (579, 629), (662, 696), (735, 767), (803, 841), (879, 892)]
Recovery regions: [(280, 296), (349, 350), (419, 420), (432, 442), (486, 509), (556, 577), (629, 648), (696, 712), (767, 782), (841, 879), (892, 900)]

range2 Phase Frames:
Pull regions: [(1086, 1105), (1151, 1166), (1214, 1232), (1278, 1296), (1399, 1414), (1465, 1478), (1526, 1542), (1592, 1605), (1652, 1667), (1719, 1733), (1811, 1811)]
Push regions: [(1105, 1127), (1166, 1190), (1232, 1256), (1296, 1317), (1333, 1351), (1353, 1377), (1414, 1438), (1478, 1501), (1542, 1563), (1605, 1628), (1667, 1688), (1733, 1760), (1781, 1802)]
Recovery regions: [(1127, 1151), (1190, 1214), (1256, 1278), (1317, 1333), (1351, 1353), (1377, 1399), (1438, 1465), (1501, 1526), (1563, 1592), (1628, 1652), (1688, 1719), (1760, 1781), (1802, 1811)]

range1 Phase Frames:
Pull regions: [(206, 232), (350, 392), (442, 459), (509, 531), (577, 579), (648, 662), (712, 735), (782, 803)]
Push regions: [(232, 280), (296, 349), (392, 419), (420, 432), (459, 486), (531, 556), (579, 629), (662, 696), (735, 767), (803, 841), (879, 892)]
Recovery regions: [(280, 296), (349, 350), (419, 420), (432, 442), (486, 509), (556, 577), (629, 648), (696, 712), (767, 782), (841, 879), (892, 900)]

range2 Phase Frames:
Pull regions: [(1086, 1105), (1151, 1166), (1214, 1232), (1278, 1296), (1399, 1414), (1465, 1478), (1526, 1542), (1592, 1605), (1652, 1667), (1719, 1733), (1811, 1811)]
Push regions: [(1105, 1127), (1166, 1190), (1232, 1256), (1296, 1317), (1333, 1351), (1353, 1377), (1414, 1438), (1478, 1501), (1542, 1563), (1605, 1628), (1667, 1688), (1733, 1760), (1781, 1802)]
Recovery regions: [(1127, 1151), (1190, 1214), (1256, 1278), (1317, 1333), (1351, 1353), (1377, 1399), (1438, 1465), (1501, 1526), (1563, 1592), (1628, 1652), (1688, 1719), (1760, 1781), (1802, 1811)]
