
range1 Phase Frames:
Pull regions: [(95, 124), (150, 160), (181, 197), (213, 232), (248, 269), (284, 308), (326, 346), (365, 383)]
Push regions: [(124, 131), (160, 166), (197, 202), (232, 239), (269, 276), (308, 313), (346, 353), (383, 390)]
Recovery regions: [(131, 150), (166, 181), (202, 213), (239, 248), (276, 284), (313, 326), (353, 365), (390, 398)]

range2 Phase Frames:
Pull regions: [(514, 518), (545, 557), (582, 595), (619, 633), (659, 671), (696, 708), (802, 816)]
Push regions: [(518, 526), (557, 566), (595, 604), (633, 642), (671, 680), (708, 724), (731, 762), (765, 792), (816, 827)]
Recovery regions: [(526, 545), (566, 582), (604, 619), (642, 659), (680, 696), (724, 731), (762, 765), (792, 802), (827, 837)]
