
range1 Phase Frames:
Pull regions: [(119, 136), (178, 194), (234, 242), (312, 314), (347, 370), (405, 417), (461, 477)]
Push regions: [(136, 156), (194, 213), (242, 269), (290, 310), (314, 327), (370, 386), (417, 441), (477, 537)]
Recovery regions: [(156, 178), (213, 234), (269, 290), (310, 312), (327, 347), (386, 405), (441, 461)]

range2 Phase Frames:
Pull regions: [(695, 716), (760, 774), (816, 835), (875, 885), (932, 945), (988, 1003), (1047, 1058), (1098, 1115), (1165, 1167)]
Push regions: [(658, 673), (677, 679), (716, 736), (774, 792), (835, 849), (865, 871), (885, 906), (945, 964), (1003, 1021), (1058, 1078), (1115, 1129), (1145, 1152)]
Recovery regions: [(673, 677), (679, 695), (736, 760), (792, 816), (849, 865), (871, 875), (906, 932), (964, 988), (1021, 1047), (1078, 1098), (1129, 1145), (1152, 1165)]

range1 Phase Frames:
Pull regions: [(119, 136), (178, 194), (234, 242), (312, 314), (347, 370), (405, 417), (461, 477)]
Push regions: [(136, 156), (194, 213), (242, 269), (290, 310), (314, 327), (370, 386), (417, 441), (477, 537)]
Recovery regions: [(156, 178), (213, 234), (269, 290), (310, 312), (327, 347), (386, 405), (441, 461)]

range2 Phase Frames:
Pull regions: [(695, 716), (760, 774), (816, 835), (875, 885), (932, 945), (988, 1003), (1047, 1058), (1098, 1115), (1165, 1167)]
Push regions: [(658, 673), (677, 679), (716, 736), (774, 792), (835, 849), (865, 871), (885, 906), (945, 964), (1003, 1021), (1058, 1078), (1115, 1129), (1145, 1152)]
Recovery regions: [(673, 677), (679, 695), (736, 760), (792, 816), (849, 865), (871, 875), (906, 932), (964, 988), (1021, 1047), (1078, 1098), (1129, 1145), (1152, 1165)]
