
range1 Phase Frames:
Pull regions: [(159, 168), (216, 234), (276, 296), (341, 361), (407, 426), (474, 492), (540, 556)]
Push regions: [(168, 191), (234, 255), (296, 320), (361, 385), (426, 451), (492, 514), (556, 588)]
Recovery regions: [(191, 216), (255, 276), (320, 341), (385, 407), (451, 474), (514, 540)]

range2 Phase Frames:
Pull regions: [(770, 786), (834, 856), (896, 900), (967, 968), (1033, 1057), (1102, 1121), (1165, 1191), (1227, 1252)]
Push regions: [(786, 815), (856, 881), (900, 918), (926, 946), (968, 1014), (1057, 1080), (1094, 1099), (1121, 1147), (1191, 1212)]
Recovery regions: [(756, 770), (815, 834), (881, 896), (918, 926), (946, 967), (1014, 1033), (1080, 1094), (1099, 1102), (1147, 1165), (1212, 1227)]
