
range1 Phase Frames:
Pull regions: [(136, 168), (215, 232), (276, 289), (336, 353), (399, 414), (462, 480)]
Push regions: [(168, 191), (232, 252), (289, 313), (353, 374), (414, 443), (480, 536)]
Recovery regions: [(191, 215), (252, 276), (313, 336), (374, 399), (443, 462)]

range2 Phase Frames:
Pull regions: [(661, 680), (708, 722), (772, 790), (838, 856), (906, 920), (971, 988), (1035, 1048), (1190, 1196)]
Push regions: [(647, 655), (680, 686), (722, 747), (790, 813), (856, 879), (920, 944), (988, 1013), (1048, 1073), (1102, 1126), (1127, 1173)]
Recovery regions: [(655, 661), (686, 708), (747, 772), (813, 838), (879, 906), (944, 971), (1013, 1035), (1073, 1102), (1126, 1127), (1173, 1190)]
