
range1 Phase Frames:
Pull regions: [(90, 136), (155, 180), (198, 223), (239, 265), (281, 309), (326, 361), (423, 455), (522, 529)]
Push regions: [(136, 142), (180, 185), (223, 229), (265, 269), (309, 315), (361, 363), (375, 409), (455, 459), (471, 519), (529, 532)]
Recovery regions: [(142, 155), (185, 198), (229, 239), (269, 281), (315, 326), (363, 375), (409, 423), (459, 471), (519, 522)]

range2 Phase Frames:
Pull regions: [(629, 630), (649, 674), (693, 723), (787, 812), (832, 860), (881, 915), (932, 957), (981, 1007), (1031, 1058)]
Push regions: [(630, 637), (674, 679), (723, 730), (742, 771), (812, 819), (860, 866), (915, 917), (957, 965), (1007, 1015)]
Recovery regions: [(637, 649), (679, 693), (730, 742), (771, 787), (819, 832), (866, 881), (917, 932), (965, 981), (1015, 1031)]

range1 Phase Frames:
Pull regions: [(90, 136), (155, 180), (198, 223), (239, 265), (281, 309), (326, 361), (423, 455), (522, 529)]
Push regions: [(136, 142), (180, 185), (223, 229), (265, 269), (309, 315), (361, 363), (375, 409), (455, 459), (471, 519), (529, 532)]
Recovery regions: [(142, 155), (185, 198), (229, 239), (269, 281), (315, 326), (363, 375), (409, 423), (459, 471), (519, 522)]

range2 Phase Frames:
Pull regions: [(629, 630), (649, 674), (693, 723), (787, 812), (832, 860), (881, 915), (932, 957), (981, 1007), (1031, 1058)]
Push regions: [(630, 637), (674, 679), (723, 730), (742, 771), (812, 819), (860, 866), (915, 917), (957, 965), (1007, 1015)]
Recovery regions: [(637, 649), (679, 693), (730, 742), (771, 787), (819, 832), (866, 881), (917, 932), (965, 981), (1015, 1031)]

range1 Phase Frames:
Pull regions: [(90, 136), (155, 180), (198, 223), (239, 265), (281, 309), (326, 361), (423, 455), (522, 529)]
Push regions: [(136, 142), (180, 185), (223, 229), (265, 269), (309, 315), (361, 363), (375, 409), (455, 459), (471, 519), (529, 532)]
Recovery regions: [(142, 155), (185, 198), (229, 239), (269, 281), (315, 326), (363, 375), (409, 423), (459, 471), (519, 522)]

range2 Phase Frames:
Pull regions: [(629, 630), (649, 674), (693, 723), (787, 812), (832, 860), (881, 915), (932, 957), (981, 1007), (1031, 1058)]
Push regions: [(630, 637), (674, 679), (723, 730), (742, 771), (812, 819), (860, 866), (915, 917), (957, 965), (1007, 1015)]
Recovery regions: [(637, 649), (679, 693), (730, 742), (771, 787), (819, 832), (866, 881), (917, 932), (965, 981), (1015, 1031)]
