
range1 Phase Frames:
Pull regions: [(166, 193), (229, 239), (273, 283), (319, 332), (366, 382), (418, 426), (464, 477), (514, 517)]
Push regions: [(193, 201), (239, 250), (283, 296), (332, 343), (382, 394), (426, 443), (477, 493)]
Recovery regions: [(201, 229), (250, 273), (296, 319), (343, 366), (394, 418), (443, 464), (493, 514)]

range2 Phase Frames:
Pull regions: [(734, 753), (786, 802), (837, 848), (886, 900), (934, 951), (984, 999), (1033, 1047), (1086, 1100), (1129, 1141)]
Push regions: [(707, 716), (753, 767), (802, 817), (848, 863), (900, 913), (951, 963), (999, 1011), (1047, 1063), (1100, 1115)]
Recovery regions: [(716, 734), (767, 786), (817, 837), (863, 886), (913, 934), (963, 984), (1011, 1033), (1063, 1086), (1115, 1129)]

range1 Phase Frames:
Pull regions: [(166, 193), (229, 239), (273, 283), (319, 332), (366, 382), (418, 426), (464, 477), (514, 517)]
Push regions: [(193, 201), (239, 250), (283, 296), (332, 343), (382, 394), (426, 443), (477, 493)]
Recovery regions: [(201, 229), (250, 273), (296, 319), (343, 366), (394, 418), (443, 464), (493, 514)]

range2 Phase Frames:
Pull regions: [(734, 753), (786, 802), (837, 848), (886, 900), (934, 951), (984, 999), (1033, 1047), (1086, 1100), (1129, 1141)]
Push regions: [(707, 716), (753, 767), (802, 817), (848, 863), (900, 913), (951, 963), (999, 1011), (1047, 1063), (1100, 1115)]
Recovery regions: [(716, 734), (767, 786), (817, 837), (863, 886), (913, 934), (963, 984), (1011, 1033), (1063, 1086), (1115, 1129)]
