
range1 Phase Frames:
Pull regions: []
Push regions: []
Recovery regions: [(2443, 2448)]

range1 Phase Frames:
Pull regions: []
Push regions: []
Recovery regions: [(2443, 2448)]

range1 Phase Frames:
Pull regions: [(466, 475), (563, 703), (722, 799), (814, 868), (1082, 1083)]
Push regions: [(475, 552), (703, 714), (799, 802), (868, 1065)]
Recovery regions: [(552, 563), (714, 722), (802, 814), (1065, 1082)]

range2 Phase Frames:
Pull regions: [(1614, 1644), (1964, 2025), (2144, 2199), (2453, 2495)]
Push regions: [(1644, 1686), (1694, 1768), (1784, 1945), (2025, 2046), (2057, 2125), (2199, 2317), (2332, 2424)]
Recovery regions: [(1588, 1614), (1686, 1694), (1768, 1784), (1945, 1964), (2046, 2057), (2125, 2144), (2317, 2332), (2424, 2453)]

range1 Phase Frames:
Pull regions: [(466, 475), (563, 703), (722, 799), (814, 868), (1082, 1083)]
Push regions: [(475, 552), (703, 714), (799, 802), (868, 1065)]
Recovery regions: [(552, 563), (714, 722), (802, 814), (1065, 1082)]

range2 Phase Frames:
Pull regions: [(1614, 1644), (1964, 2025), (2144, 2199), (2453, 2495)]
Push regions: [(1644, 1686), (1694, 1768), (1784, 1945), (2025, 2046), (2057, 2125), (2199, 2317), (2332, 2424)]
Recovery regions: [(1588, 1614), (1686, 1694), (1768, 1784), (1945, 1964), (2046, 2057), (2125, 2144), (2317, 2332), (2424, 2453)]

range1 Phase Frames:
Pull regions: [(466, 475), (563, 703), (722, 799), (814, 868), (1082, 1083)]
Push regions: [(475, 552), (703, 714), (799, 802), (868, 1065)]
Recovery regions: [(552, 563), (714, 722), (802, 814), (1065, 1082)]

range2 Phase Frames:
Pull regions: [(1614, 1644), (1964, 2025), (2144, 2199), (2453, 2495)]
Push regions: [(1644, 1686), (1694, 1768), (1784, 1945), (2025, 2046), (2057, 2125), (2199, 2317), (2332, 2424)]
Recovery regions: [(1588, 1614), (1686, 1694), (1768, 1784), (1945, 1964), (2046, 2057), (2125, 2144), (2317, 2332), (2424, 2453)]

range1 Phase Frames:
Pull regions: []
Push regions: []
Recovery regions: [(2443, 2448)]

range1 Phase Frames:
Pull regions: [(466, 475), (563, 703), (722, 799), (814, 868), (1082, 1083)]
Push regions: [(475, 552), (703, 714), (799, 802), (868, 1065)]
Recovery regions: [(552, 563), (714, 722), (802, 814), (1065, 1082)]

range2 Phase Frames:
Pull regions: [(1614, 1644), (1964, 2025), (2144, 2199), (2453, 2495)]
Push regions: [(1644, 1686), (1694, 1768), (1784, 1945), (2025, 2046), (2057, 2125), (2199, 2317), (2332, 2424)]
Recovery regions: [(1588, 1614), (1686, 1694), (1768, 1784), (1945, 1964), (2046, 2057), (2125, 2144), (2317, 2332), (2424, 2453)]

range1 Phase Frames:
Pull regions: [(466, 475), (563, 703), (722, 799), (814, 868), (1082, 1083)]
Push regions: [(475, 552), (703, 714), (799, 802), (868, 1065)]
Recovery regions: [(552, 563), (714, 722), (802, 814), (1065, 1082)]

range2 Phase Frames:
Pull regions: [(1614, 1644), (1964, 2025), (2144, 2199), (2453, 2495)]
Push regions: [(1644, 1686), (1694, 1768), (1784, 1945), (2025, 2046), (2057, 2125), (2199, 2317), (2332, 2424)]
Recovery regions: [(1588, 1614), (1686, 1694), (1768, 1784), (1945, 1964), (2046, 2057), (2125, 2144), (2317, 2332), (2424, 2453)]

range1 Phase Frames:
Pull regions: [(466, 475), (563, 703), (722, 799), (814, 868), (1082, 1083)]
Push regions: [(475, 552), (703, 714), (799, 802), (868, 1065)]
Recovery regions: [(552, 563), (714, 722), (802, 814), (1065, 1082)]

range2 Phase Frames:
Pull regions: [(1614, 1644), (1964, 2025), (2144, 2199), (2453, 2495)]
Push regions: [(1644, 1686), (1694, 1768), (1784, 1945), (2025, 2046), (2057, 2125), (2199, 2317), (2332, 2424)]
Recovery regions: [(1588, 1614), (1686, 1694), (1768, 1784), (1945, 1964), (2046, 2057), (2125, 2144), (2317, 2332), (2424, 2453)]

range1 Phase Frames:
Pull regions: [(466, 475), (563, 703), (722, 799), (814, 868), (1082, 1083)]
Push regions: [(475, 552), (703, 714), (799, 802), (868, 1065)]
Recovery regions: [(552, 563), (714, 722), (802, 814), (1065, 1082)]

range2 Phase Frames:
Pull regions: [(1614, 1644), (1964, 2025), (2144, 2199), (2453, 2495)]
Push regions: [(1644, 1686), (1694, 1768), (1784, 1945), (2025, 2046), (2057, 2125), (2199, 2317), (2332, 2424)]
Recovery regions: [(1588, 1614), (1686, 1694), (1768, 1784), (1945, 1964), (2046, 2057), (2125, 2144), (2317, 2332), (2424, 2453)]
