
range1 Phase Frames:
Pull regions: [(169, 178), (198, 216), (235, 253), (272, 291), (309, 330), (349, 369), (389, 406), (427, 444), (467, 485), (504, 534)]
Push regions: [(178, 186), (216, 224), (253, 261), (291, 298), (330, 337), (369, 376), (406, 413), (444, 450), (485, 492), (534, 545)]
Recovery regions: [(186, 198), (224, 235), (261, 272), (298, 309), (337, 349), (376, 389), (413, 427), (450, 467), (492, 504)]

range2 Phase Frames:
Pull regions: [(708, 715), (731, 752), (773, 791), (814, 833), (855, 874), (896, 913), (936, 953), (974, 991), (1012, 1029), (1051, 1070), (1089, 1109), (1127, 1129)]
Push regions: [(715, 721), (752, 761), (791, 800), (833, 840), (874, 881), (913, 920), (953, 960), (991, 998), (1029, 1036), (1070, 1077), (1109, 1117)]
Recovery regions: [(705, 708), (721, 731), (761, 773), (800, 814), (840, 855), (881, 896), (920, 936), (960, 974), (998, 1012), (1036, 1051), (1077, 1089), (1117, 1127)]

range1 Phase Frames:
Pull regions: [(169, 178), (198, 216), (235, 253), (272, 291), (309, 330), (349, 369), (389, 406), (427, 444), (467, 485), (504, 534)]
Push regions: [(178, 186), (216, 224), (253, 261), (291, 298), (330, 337), (369, 376), (406, 413), (444, 450), (485, 492), (534, 545)]
Recovery regions: [(186, 198), (224, 235), (261, 272), (298, 309), (337, 349), (376, 389), (413, 427), (450, 467), (492, 504)]

range2 Phase Frames:
Pull regions: [(708, 715), (731, 752), (773, 791), (814, 833), (855, 874), (896, 913), (936, 953), (974, 991), (1012, 1029), (1051, 1070), (1089, 1109), (1127, 1129)]
Push regions: [(715, 721), (752, 761), (791, 800), (833, 840), (874, 881), (913, 920), (953, 960), (991, 998), (1029, 1036), (1070, 1077), (1109, 1117)]
Recovery regions: [(705, 708), (721, 731), (761, 773), (800, 814), (840, 855), (881, 896), (920, 936), (960, 974), (998, 1012), (1036, 1051), (1077, 1089), (1117, 1127)]

range1 Phase Frames:
Pull regions: [(169, 178), (198, 216), (235, 253), (272, 291), (309, 330), (349, 369), (389, 406), (427, 444), (467, 485), (504, 534)]
Push regions: [(178, 186), (216, 224), (253, 261), (291, 298), (330, 337), (369, 376), (406, 413), (444, 450), (485, 492), (534, 545)]
Recovery regions: [(186, 198), (224, 235), (261, 272), (298, 309), (337, 349), (376, 389), (413, 427), (450, 467), (492, 504)]

range2 Phase Frames:
Pull regions: [(708, 715), (731, 752), (773, 791), (814, 833), (855, 874), (896, 913), (936, 953), (974, 991), (1012, 1029), (1051, 1070), (1089, 1109), (1127, 1129)]
Push regions: [(715, 721), (752, 761), (791, 800), (833, 840), (874, 881), (913, 920), (953, 960), (991, 998), (1029, 1036), (1070, 1077), (1109, 1117)]
Recovery regions: [(705, 708), (721, 731), (761, 773), (800, 814), (840, 855), (881, 896), (920, 936), (960, 974), (998, 1012), (1036, 1051), (1077, 1089), (1117, 1127)]
